0 188
1 202
2 4
3 10
5 9
6 8
7 71
11 12
13 14
15 17
16 21
18 20
19 97
22 145
23 142
24 89
25 26
27 34
28 30
29 144
31 146
32 141
33 143
35 88
36 131
37 43
38 47
39 155
40 156
41 157
42 162
44 128
45 46
48 132
49 84
50 52
51 78
53 79
54 55
56 201
57 203
58 59
60 62
61 63
64 206
65 68
66 207
67 74
69 72
70 73
75 195
76 83
77 196
80 194
81 192
82 177
85 151
86 184
87 149
90 148
91 133
92 123
93 109
94 96
95 101
98 108
99 107
100 140
102 139
103 125
104 134
105 137
106 116
110 113
111 112
114 115
117 136
118 122
119 121
120 130
124 138
126 135
127 129
147 169
150 173
152 170
153 187
154 189
158 159
160 164
161 163
165 166
167 168
171 183
172 186
174 190
175 178
176 191
179 193
180 181
182 185
197 200
198 199
204 205
208 209
